4.373333333333333073e+00
3.806666666666666643e+00
4.293333333333333002e+00
4.046666666666666856e+00
6.693333333333333357e+00
7.040000000000000036e+00
7.326666666666667105e+00
7.219999999999999751e+00
7.219999999999999751e+00
7.219999999999999751e+00
7.219999999999999751e+00
7.053333333333333677e+00
7.246666666666667034e+00
7.160000000000000142e+00
7.233333333333333393e+00
7.226666666666666572e+00
7.086666666666666892e+00
6.846666666666666679e+00
7.219999999999999751e+00
6.660000000000000142e+00
6.766666666666666607e+00
6.719999999999999751e+00
6.719999999999999751e+00
6.719999999999999751e+00
8.593333333333333712e+00
8.173333333333333783e+00
8.279999999999999361e+00
6.906666666666666288e+00
7.919999999999999929e+00
7.226666666666666572e+00
7.613333333333333286e+00
7.453333333333333144e+00
8.186666666666667425e+00
8.126666666666666927e+00
7.106666666666666465e+00
7.386666666666666714e+00
8.240000000000000213e+00
6.893333333333333535e+00
8.693333333333333357e+00
6.599999999999999645e+00
7.446666666666666323e+00
7.566666666666666430e+00
7.293333333333333002e+00
5.573333333333333250e+00
4.233333333333333393e+00
4.200000000000000178e+00
3.553333333333333233e+00
3.620000000000000107e+00
3.713333333333333375e+00
3.660000000000000142e+00
3.513333333333333197e+00
3.779999999999999805e+00
3.660000000000000142e+00
3.433333333333333126e+00
4.280000000000000249e+00
4.626666666666666927e+00
4.286666666666667069e+00
4.413333333333333108e+00
4.360000000000000320e+00
4.713333333333332931e+00
5.433333333333333570e+00
4.700000000000000178e+00
5.586666666666666892e+00
5.253333333333332966e+00
4.780000000000000249e+00
4.879999999999999893e+00
5.046666666666666856e+00
5.000000000000000000e+00
5.226666666666666572e+00
5.500000000000000000e+00
5.806666666666666643e+00
5.566666666666666430e+00
5.559999999999999609e+00
5.559999999999999609e+00
5.533333333333333215e+00
5.533333333333333215e+00
5.533333333333333215e+00
5.473333333333333606e+00
5.373333333333333073e+00
5.586666666666666892e+00
5.586666666666666892e+00
5.586666666666666892e+00
5.586666666666666892e+00
5.586666666666666892e+00
5.559999999999999609e+00
5.526666666666666394e+00
5.526666666666666394e+00
5.526666666666666394e+00
5.526666666666666394e+00
5.526666666666666394e+00
5.526666666666666394e+00
5.526666666666666394e+00
5.440000000000000391e+00
5.440000000000000391e+00
5.440000000000000391e+00
5.440000000000000391e+00
5.440000000000000391e+00
5.440000000000000391e+00
5.440000000000000391e+00
5.440000000000000391e+00
5.440000000000000391e+00
5.440000000000000391e+00
5.240000000000000213e+00
5.240000000000000213e+00
5.440000000000000391e+00
5.526666666666666394e+00
5.526666666666666394e+00
5.526666666666666394e+00
5.526666666666666394e+00
5.526666666666666394e+00
5.526666666666666394e+00
5.526666666666666394e+00
5.526666666666666394e+00
5.526666666666666394e+00
5.526666666666666394e+00
5.526666666666666394e+00
5.526666666666666394e+00
5.526666666666666394e+00
5.526666666666666394e+00
5.526666666666666394e+00
5.559999999999999609e+00
5.586666666666666892e+00
5.586666666666666892e+00
5.586666666666666892e+00
5.586666666666666892e+00
5.586666666666666892e+00
5.586666666666666892e+00
5.586666666666666892e+00
5.586666666666666892e+00
5.586666666666666892e+00
5.586666666666666892e+00
5.586666666666666892e+00
5.586666666666666892e+00
5.586666666666666892e+00
5.586666666666666892e+00
5.559999999999999609e+00
5.559999999999999609e+00
5.373333333333333073e+00
5.373333333333333073e+00
5.373333333333333073e+00
5.473333333333333606e+00
5.473333333333333606e+00
5.473333333333333606e+00
5.533333333333333215e+00
5.533333333333333215e+00
5.533333333333333215e+00
5.533333333333333215e+00
5.533333333333333215e+00
5.533333333333333215e+00
5.559999999999999609e+00
5.559999999999999609e+00
5.559999999999999609e+00
5.559999999999999609e+00
5.613333333333333286e+00
5.566666666666666430e+00
5.780000000000000249e+00
5.500000000000000000e+00
5.500000000000000000e+00
4.986666666666666359e+00
5.173333333333332895e+00
5.293333333333333002e+00
5.046666666666666856e+00
5.333333333333333037e+00
5.193333333333333357e+00
5.006666666666666821e+00
5.166666666666666963e+00
5.566666666666666430e+00
5.406666666666666288e+00
5.139999999999999680e+00
4.973333333333333606e+00
4.940000000000000391e+00
4.820000000000000284e+00
5.513333333333333641e+00
5.019999999999999574e+00
3.753333333333333410e+00
5.433333333333333570e+00
4.646666666666666501e+00
4.719999999999999751e+00
4.446666666666666323e+00
4.099999999999999645e+00
4.099999999999999645e+00
4.566666666666666430e+00
4.086666666666666892e+00
4.393333333333333535e+00
4.186666666666666536e+00
5.113333333333333286e+00
4.433333333333333570e+00
5.046666666666666856e+00
5.333333333333333037e+00
4.873333333333333073e+00
4.373333333333333073e+00
5.066666666666666430e+00
4.446666666666666323e+00
4.940000000000000391e+00
4.940000000000000391e+00
4.719999999999999751e+00
5.186666666666666536e+00
4.573333333333333250e+00
5.299999999999999822e+00
4.506666666666666821e+00
4.353333333333333499e+00
4.326666666666667105e+00
3.100000000000000089e+00
3.540000000000000036e+00
2.933333333333333126e+00
3.773333333333333428e+00
3.640000000000000124e+00
3.640000000000000124e+00
3.640000000000000124e+00
3.640000000000000124e+00
3.640000000000000124e+00
3.640000000000000124e+00
3.640000000000000124e+00
3.640000000000000124e+00
3.640000000000000124e+00
3.640000000000000124e+00
3.640000000000000124e+00
3.593333333333333268e+00
3.640000000000000124e+00
3.640000000000000124e+00
3.640000000000000124e+00
3.379999999999999893e+00
3.379999999999999893e+00
3.379999999999999893e+00
3.379999999999999893e+00
3.379999999999999893e+00
3.379999999999999893e+00
3.200000000000000178e+00
3.379999999999999893e+00
3.379999999999999893e+00
3.379999999999999893e+00
3.379999999999999893e+00
3.379999999999999893e+00
3.379999999999999893e+00
3.379999999999999893e+00
3.379999999999999893e+00
3.379999999999999893e+00
3.379999999999999893e+00
3.379999999999999893e+00
3.379999999999999893e+00
3.379999999999999893e+00
3.379999999999999893e+00
3.379999999999999893e+00
3.379999999999999893e+00
3.379999999999999893e+00
3.379999999999999893e+00
4.080000000000000071e+00
1.045333333333333314e+01
1.045333333333333314e+01
1.045333333333333314e+01
1.045333333333333314e+01
1.045333333333333314e+01
1.045333333333333314e+01
1.045333333333333314e+01
1.045333333333333314e+01
1.045333333333333314e+01
1.045333333333333314e+01
1.045333333333333314e+01
1.041333333333333400e+01
1.117333333333333378e+01
1.158666666666666600e+01
3.213333333333333375e+00
3.353333333333333499e+00
3.959999999999999964e+00
4.080000000000000071e+00
4.053333333333333677e+00
4.026666666666666394e+00
3.600000000000000089e+00
3.926666666666666750e+00
3.593333333333333268e+00
3.186666666666666536e+00
3.939999999999999947e+00
3.886666666666666714e+00
4.040000000000000036e+00
4.379999999999999893e+00
3.833333333333333481e+00
4.493333333333333179e+00
3.759999999999999787e+00
3.813333333333333464e+00
3.813333333333333464e+00
3.759999999999999787e+00
4.153333333333333321e+00
3.246666666666666590e+00
3.540000000000000036e+00
3.713333333333333375e+00
3.306666666666666643e+00
3.759999999999999787e+00
4.179999999999999716e+00
3.439999999999999947e+00
3.886666666666666714e+00
3.193333333333333357e+00
2.973333333333333162e+00
4.480000000000000426e+00
3.853333333333333499e+00
3.013333333333333197e+00
4.093333333333333712e+00
4.093333333333333712e+00
4.093333333333333712e+00
4.093333333333333712e+00
4.093333333333333712e+00
4.093333333333333712e+00
4.093333333333333712e+00
4.093333333333333712e+00
4.166666666666666963e+00
3.959999999999999964e+00
3.826666666666666661e+00
3.906666666666666732e+00
4.073333333333333250e+00
4.093333333333333712e+00
4.093333333333333712e+00
4.093333333333333712e+00
4.093333333333333712e+00
4.093333333333333712e+00
4.093333333333333712e+00
4.093333333333333712e+00
4.206666666666666998e+00
4.206666666666666998e+00
3.913333333333333552e+00
3.933333333333333126e+00
4.026666666666666394e+00
4.019999999999999574e+00
3.953333333333333144e+00
3.959999999999999964e+00
4.013333333333333641e+00
3.953333333333333144e+00
3.979999999999999982e+00
3.979999999999999982e+00
3.979999999999999982e+00
3.979999999999999982e+00
3.979999999999999982e+00
3.979999999999999982e+00
3.979999999999999982e+00
3.979999999999999982e+00
3.979999999999999982e+00
3.560000000000000053e+00
4.200000000000000178e+00
4.066666666666666430e+00
3.846666666666666679e+00
4.219999999999999751e+00
3.740000000000000213e+00
3.713333333333333375e+00
3.706666666666666554e+00
4.919999999999999929e+00
4.919999999999999929e+00
4.919999999999999929e+00
4.493333333333333179e+00
4.780000000000000249e+00
4.780000000000000249e+00
4.780000000000000249e+00
4.780000000000000249e+00
4.780000000000000249e+00
4.780000000000000249e+00
4.780000000000000249e+00
4.780000000000000249e+00
4.780000000000000249e+00
4.780000000000000249e+00
3.306666666666666643e+00
4.780000000000000249e+00
4.780000000000000249e+00
4.780000000000000249e+00
4.780000000000000249e+00
4.780000000000000249e+00
4.780000000000000249e+00
4.780000000000000249e+00
4.780000000000000249e+00
4.780000000000000249e+00
4.780000000000000249e+00
4.780000000000000249e+00
4.780000000000000249e+00
4.780000000000000249e+00
4.780000000000000249e+00
4.780000000000000249e+00
4.780000000000000249e+00
4.780000000000000249e+00
4.780000000000000249e+00
4.780000000000000249e+00
4.780000000000000249e+00
4.780000000000000249e+00
4.780000000000000249e+00
4.780000000000000249e+00
4.780000000000000249e+00
4.780000000000000249e+00
4.780000000000000249e+00
4.780000000000000249e+00
4.780000000000000249e+00
4.780000000000000249e+00
4.780000000000000249e+00
4.780000000000000249e+00
4.780000000000000249e+00
4.780000000000000249e+00
4.780000000000000249e+00
4.780000000000000249e+00
4.780000000000000249e+00
4.780000000000000249e+00
4.780000000000000249e+00
4.780000000000000249e+00
4.780000000000000249e+00
4.780000000000000249e+00
4.193333333333333357e+00
4.780000000000000249e+00
5.053333333333333677e+00
4.726666666666666572e+00
4.726666666666666572e+00
4.726666666666666572e+00
4.459999999999999964e+00
4.326666666666667105e+00
4.280000000000000249e+00
4.120000000000000107e+00
4.419999999999999929e+00
4.059999999999999609e+00
3.846666666666666679e+00
4.306666666666666643e+00
3.580000000000000071e+00
3.899999999999999911e+00
3.540000000000000036e+00
3.540000000000000036e+00
3.540000000000000036e+00
3.540000000000000036e+00
3.540000000000000036e+00
3.540000000000000036e+00
3.693333333333333357e+00
3.693333333333333357e+00
3.479999999999999982e+00
3.479999999999999982e+00
3.540000000000000036e+00
3.646666666666666501e+00
3.506666666666666821e+00
3.620000000000000107e+00
3.793333333333333446e+00
3.626666666666666483e+00
3.299999999999999822e+00
3.299999999999999822e+00
3.693333333333333357e+00
3.560000000000000053e+00
3.613333333333333286e+00
3.613333333333333286e+00
3.506666666666666821e+00
3.666666666666666519e+00
3.513333333333333197e+00
3.759999999999999787e+00
3.439999999999999947e+00
3.600000000000000089e+00
3.959999999999999964e+00
3.520000000000000018e+00
3.566666666666666874e+00
3.566666666666666874e+00
3.566666666666666874e+00
3.566666666666666874e+00
3.566666666666666874e+00
3.566666666666666874e+00
3.566666666666666874e+00
3.566666666666666874e+00
3.566666666666666874e+00
3.566666666666666874e+00
3.566666666666666874e+00
3.566666666666666874e+00
3.566666666666666874e+00
3.566666666666666874e+00
3.566666666666666874e+00
3.566666666666666874e+00
3.566666666666666874e+00
3.566666666666666874e+00
3.566666666666666874e+00
3.566666666666666874e+00
3.566666666666666874e+00
3.566666666666666874e+00
3.566666666666666874e+00
3.566666666666666874e+00
3.566666666666666874e+00
3.566666666666666874e+00
3.566666666666666874e+00
3.566666666666666874e+00
3.566666666666666874e+00
3.566666666666666874e+00
3.566666666666666874e+00
3.566666666666666874e+00
3.566666666666666874e+00
3.566666666666666874e+00
3.566666666666666874e+00
3.566666666666666874e+00
3.566666666666666874e+00
3.566666666666666874e+00
3.566666666666666874e+00
3.566666666666666874e+00
3.566666666666666874e+00
3.540000000000000036e+00
3.566666666666666874e+00
3.866666666666666696e+00
3.833333333333333481e+00
3.666666666666666519e+00
4.026666666666666394e+00
3.866666666666666696e+00
3.866666666666666696e+00
3.919999999999999929e+00
3.700000000000000178e+00
3.546666666666666856e+00
3.726666666666666572e+00
4.139999999999999680e+00
3.973333333333333162e+00
3.973333333333333162e+00
3.973333333333333162e+00
5.120000000000000107e+00
3.693333333333333357e+00
4.113333333333333286e+00
4.339999999999999858e+00
3.439999999999999947e+00
3.833333333333333481e+00
4.580000000000000071e+00
3.833333333333333481e+00
4.326666666666667105e+00
4.186666666666666536e+00
3.833333333333333481e+00
4.360000000000000320e+00
3.859999999999999876e+00
4.013333333333333641e+00
4.446666666666666323e+00
3.120000000000000107e+00
4.273333333333333428e+00
3.379999999999999893e+00
3.713333333333333375e+00
3.906666666666666732e+00
3.186666666666666536e+00
2.933333333333333126e+00
3.826666666666666661e+00
4.593333333333333712e+00
4.806666666666666643e+00
3.533333333333333215e+00
3.753333333333333410e+00
3.466666666666666785e+00
3.426666666666666750e+00
3.166666666666666519e+00
3.419999999999999929e+00
3.606666666666666465e+00
3.580000000000000071e+00
3.286666666666666625e+00
3.793333333333333446e+00
3.286666666666666625e+00
3.286666666666666625e+00
3.733333333333333393e+00
3.733333333333333393e+00
3.733333333333333393e+00
3.733333333333333393e+00
3.166666666666666519e+00
3.166666666666666519e+00
3.166666666666666519e+00
3.560000000000000053e+00
3.560000000000000053e+00
3.560000000000000053e+00
3.560000000000000053e+00
3.040000000000000036e+00
3.040000000000000036e+00
3.040000000000000036e+00
3.040000000000000036e+00
3.040000000000000036e+00
3.040000000000000036e+00
3.040000000000000036e+00
3.560000000000000053e+00
3.560000000000000053e+00
3.166666666666666519e+00
3.733333333333333393e+00
3.286666666666666625e+00
3.793333333333333446e+00
3.580000000000000071e+00
3.419999999999999929e+00
3.426666666666666750e+00
3.133333333333333304e+00
4.806666666666666643e+00
4.280000000000000249e+00
3.359999999999999876e+00
3.593333333333333268e+00
3.893333333333333535e+00
3.486666666666666803e+00
3.673333333333333339e+00
3.319999999999999840e+00
3.259999999999999787e+00
3.406666666666666732e+00
3.506666666666666821e+00
4.066666666666666430e+00
4.040000000000000036e+00
4.006666666666666821e+00
4.320000000000000284e+00
3.813333333333333464e+00
3.486666666666666803e+00
4.133333333333333748e+00
3.973333333333333162e+00
3.586666666666666448e+00
3.953333333333333144e+00
3.873333333333333517e+00
3.493333333333333179e+00
3.573333333333333250e+00
3.373333333333333517e+00
3.593333333333333268e+00
3.500000000000000000e+00
3.666666666666666519e+00
3.560000000000000053e+00
3.640000000000000124e+00
3.640000000000000124e+00
3.939999999999999947e+00
3.506666666666666821e+00
3.533333333333333215e+00
3.506666666666666821e+00
3.506666666666666821e+00
3.506666666666666821e+00
3.506666666666666821e+00
3.506666666666666821e+00
3.506666666666666821e+00
3.506666666666666821e+00
3.613333333333333286e+00
3.613333333333333286e+00
3.613333333333333286e+00
3.613333333333333286e+00
3.613333333333333286e+00
3.613333333333333286e+00
3.613333333333333286e+00
3.613333333333333286e+00
3.613333333333333286e+00
3.673333333333333339e+00
3.673333333333333339e+00
3.673333333333333339e+00
3.673333333333333339e+00
3.620000000000000107e+00
3.620000000000000107e+00
3.620000000000000107e+00
3.613333333333333286e+00
3.613333333333333286e+00
3.613333333333333286e+00
3.613333333333333286e+00
3.613333333333333286e+00
3.613333333333333286e+00
3.560000000000000053e+00
3.560000000000000053e+00
3.560000000000000053e+00
3.560000000000000053e+00
3.560000000000000053e+00
3.560000000000000053e+00
3.560000000000000053e+00
3.613333333333333286e+00
3.506666666666666821e+00
3.613333333333333286e+00
3.613333333333333286e+00
3.613333333333333286e+00
3.613333333333333286e+00
3.560000000000000053e+00
3.560000000000000053e+00
3.560000000000000053e+00
3.853333333333333499e+00
3.853333333333333499e+00
3.853333333333333499e+00
3.753333333333333410e+00
3.753333333333333410e+00
3.753333333333333410e+00
3.753333333333333410e+00
3.753333333333333410e+00
3.693333333333333357e+00
3.693333333333333357e+00
3.693333333333333357e+00
3.693333333333333357e+00
3.753333333333333410e+00
3.753333333333333410e+00
3.753333333333333410e+00
3.753333333333333410e+00
3.853333333333333499e+00
3.853333333333333499e+00
3.560000000000000053e+00
3.560000000000000053e+00
3.613333333333333286e+00
3.613333333333333286e+00
3.613333333333333286e+00
3.613333333333333286e+00
3.613333333333333286e+00
3.613333333333333286e+00
3.620000000000000107e+00
3.620000000000000107e+00
3.620000000000000107e+00
3.620000000000000107e+00
3.620000000000000107e+00
3.620000000000000107e+00
3.673333333333333339e+00
3.673333333333333339e+00
3.673333333333333339e+00
3.673333333333333339e+00
3.673333333333333339e+00
3.673333333333333339e+00
3.673333333333333339e+00
3.620000000000000107e+00
3.620000000000000107e+00
3.620000000000000107e+00
3.620000000000000107e+00
3.160000000000000142e+00
3.106666666666666465e+00
3.660000000000000142e+00
3.106666666666666465e+00
3.686666666666666536e+00
3.686666666666666536e+00
3.299999999999999822e+00
3.786666666666666625e+00
3.680000000000000160e+00
3.846666666666666679e+00
3.266666666666666607e+00
3.620000000000000107e+00
3.620000000000000107e+00
3.500000000000000000e+00
3.866666666666666696e+00
3.686666666666666536e+00
3.419999999999999929e+00
3.466666666666666785e+00
4.173333333333332895e+00
3.673333333333333339e+00
3.493333333333333179e+00
3.273333333333333428e+00
3.693333333333333357e+00
4.306666666666666643e+00
3.913333333333333552e+00
3.773333333333333428e+00
3.746666666666666590e+00
4.133333333333333748e+00
3.446666666666666767e+00
3.666666666666666519e+00
3.933333333333333126e+00
4.073333333333333250e+00
3.906666666666666732e+00
4.186666666666666536e+00
4.073333333333333250e+00
4.033333333333333215e+00
4.293333333333333002e+00
3.986666666666666803e+00
3.986666666666666803e+00
3.966666666666666785e+00
3.966666666666666785e+00
3.966666666666666785e+00
3.693333333333333357e+00
3.693333333333333357e+00
3.886666666666666714e+00
4.160000000000000142e+00
4.160000000000000142e+00
4.160000000000000142e+00
4.160000000000000142e+00
4.013333333333333641e+00
4.040000000000000036e+00
3.986666666666666803e+00
4.126666666666666927e+00
4.126666666666666927e+00
4.126666666666666927e+00
3.666666666666666519e+00
3.446666666666666767e+00
3.793333333333333446e+00
3.799999999999999822e+00
3.793333333333333446e+00
3.473333333333333162e+00
4.313333333333333464e+00
4.013333333333333641e+00
3.633333333333333304e+00
3.779999999999999805e+00
4.053333333333333677e+00
3.813333333333333464e+00
3.506666666666666821e+00
3.279999999999999805e+00
3.473333333333333162e+00
3.706666666666666554e+00
4.033333333333333215e+00
3.253333333333333410e+00
3.493333333333333179e+00
3.633333333333333304e+00
3.713333333333333375e+00
3.646666666666666501e+00
3.753333333333333410e+00
3.846666666666666679e+00
3.646666666666666501e+00
3.640000000000000124e+00
3.540000000000000036e+00
3.479999999999999982e+00
3.479999999999999982e+00
3.479999999999999982e+00
3.479999999999999982e+00
3.806666666666666643e+00
3.540000000000000036e+00
3.540000000000000036e+00
3.540000000000000036e+00
3.693333333333333357e+00
3.693333333333333357e+00
3.693333333333333357e+00
3.693333333333333357e+00
3.693333333333333357e+00
3.693333333333333357e+00
3.693333333333333357e+00
3.693333333333333357e+00
3.693333333333333357e+00
3.693333333333333357e+00
3.479999999999999982e+00
3.479999999999999982e+00
3.479999999999999982e+00
3.479999999999999982e+00
3.479999999999999982e+00
3.479999999999999982e+00
3.479999999999999982e+00
3.479999999999999982e+00
3.866666666666666696e+00
3.540000000000000036e+00
3.586666666666666448e+00
3.479999999999999982e+00
3.479999999999999982e+00
3.479999999999999982e+00
3.479999999999999982e+00
3.479999999999999982e+00
3.479999999999999982e+00
3.479999999999999982e+00
3.433333333333333126e+00
3.866666666666666696e+00
3.866666666666666696e+00
3.866666666666666696e+00
3.733333333333333393e+00
3.733333333333333393e+00
3.953333333333333144e+00
3.926666666666666750e+00
3.759999999999999787e+00
3.700000000000000178e+00
3.513333333333333197e+00
3.993333333333333179e+00
3.479999999999999982e+00
3.620000000000000107e+00
3.726666666666666572e+00
3.913333333333333552e+00
3.299999999999999822e+00
3.299999999999999822e+00
3.299999999999999822e+00
3.693333333333333357e+00
3.693333333333333357e+00
3.693333333333333357e+00
3.693333333333333357e+00
3.753333333333333410e+00
3.853333333333333499e+00
3.613333333333333286e+00
3.613333333333333286e+00
3.673333333333333339e+00
3.613333333333333286e+00
3.613333333333333286e+00
3.506666666666666821e+00
3.506666666666666821e+00
3.506666666666666821e+00
3.939999999999999947e+00
3.939999999999999947e+00
3.939999999999999947e+00
3.640000000000000124e+00
3.640000000000000124e+00
3.939999999999999947e+00
3.939999999999999947e+00
3.966666666666666785e+00
3.533333333333333215e+00
3.506666666666666821e+00
3.506666666666666821e+00
3.613333333333333286e+00
3.613333333333333286e+00
3.673333333333333339e+00
3.673333333333333339e+00
3.673333333333333339e+00
3.673333333333333339e+00
3.613333333333333286e+00
3.506666666666666821e+00
3.533333333333333215e+00
3.939999999999999947e+00
3.560000000000000053e+00
3.620000000000000107e+00
3.573333333333333250e+00
3.899999999999999911e+00
4.033333333333333215e+00
3.466666666666666785e+00
3.173333333333333339e+00
3.826666666666666661e+00
3.399999999999999911e+00
3.646666666666666501e+00
3.646666666666666501e+00
3.646666666666666501e+00
3.646666666666666501e+00
3.646666666666666501e+00
3.646666666666666501e+00
3.646666666666666501e+00
3.646666666666666501e+00
3.646666666666666501e+00
3.646666666666666501e+00
3.646666666666666501e+00
3.646666666666666501e+00
3.646666666666666501e+00
3.646666666666666501e+00
3.520000000000000018e+00
3.660000000000000142e+00
3.866666666666666696e+00
3.926666666666666750e+00
3.833333333333333481e+00
3.899999999999999911e+00
3.293333333333333446e+00
3.580000000000000071e+00
3.660000000000000142e+00
3.806666666666666643e+00
3.899999999999999911e+00
3.653333333333333321e+00
3.673333333333333339e+00
3.646666666666666501e+00
3.646666666666666501e+00
3.646666666666666501e+00
3.646666666666666501e+00
3.646666666666666501e+00
3.646666666666666501e+00
3.646666666666666501e+00
3.646666666666666501e+00
3.646666666666666501e+00
3.646666666666666501e+00
3.646666666666666501e+00
3.706666666666666554e+00
3.706666666666666554e+00
3.566666666666666874e+00
3.566666666666666874e+00
3.626666666666666483e+00
3.673333333333333339e+00
3.566666666666666874e+00
3.566666666666666874e+00
3.566666666666666874e+00
3.566666666666666874e+00
3.566666666666666874e+00
3.566666666666666874e+00
3.566666666666666874e+00
3.566666666666666874e+00
3.566666666666666874e+00
3.566666666666666874e+00
3.566666666666666874e+00
3.566666666666666874e+00
3.566666666666666874e+00
3.566666666666666874e+00
3.566666666666666874e+00
3.566666666666666874e+00
3.566666666666666874e+00
3.566666666666666874e+00
3.566666666666666874e+00
3.566666666666666874e+00
3.566666666666666874e+00
3.626666666666666483e+00
3.626666666666666483e+00
3.566666666666666874e+00
3.566666666666666874e+00
3.626666666666666483e+00
3.566666666666666874e+00
3.706666666666666554e+00
3.646666666666666501e+00
3.646666666666666501e+00
3.646666666666666501e+00
3.646666666666666501e+00
3.646666666666666501e+00
3.646666666666666501e+00
3.646666666666666501e+00
3.646666666666666501e+00
3.646666666666666501e+00
3.646666666666666501e+00
3.646666666666666501e+00
3.646666666666666501e+00
3.646666666666666501e+00
3.646666666666666501e+00
3.646666666666666501e+00
3.646666666666666501e+00
3.646666666666666501e+00
3.646666666666666501e+00
3.646666666666666501e+00
3.646666666666666501e+00
3.646666666666666501e+00
3.646666666666666501e+00
3.646666666666666501e+00
3.646666666666666501e+00
3.646666666666666501e+00
3.646666666666666501e+00
3.646666666666666501e+00
